122
115
106
117
80
128
117
124
109
111
107
104
119
104
81
85
102
128
106
118
129
78
96
113
94
115
146
133
76
126
84
86
105
108
121
90
122
135
102
114
123
122
113
99
112
121
87
140
91
91
133
128
71
119
113
129
103
120
106
127
127
111
76
138
127
113
132
116
95
101
105
124
104
74
107
91
101
89
101
83
101
119
159
134
111
87
117
105
117
106
88
95
101
113
126
103
101
110
108
104
105
135
102
150
96
135
122
143
111
106
83
132
106
126
121
83
103
115
120
116
101
125
92
106
106
112
108
97
95
97
106
146
121
87
148
98
92
92
87
96
123
103
109
120
105
97
108
131
109
103
95
115
104
114
110
128
94
87
97
101
121
85
117
137
113
91
130
104
102
125
104
155
124
132
123
96
113
113
99
109
109
95
88
133
90
125
82
131
90
96
102
91
105
111
136
99
108
130
105
91
